OK
2020-06-22 01:18:58 29 26.666666666666668
2020-06-22 01:19:07 49 32
2020-06-22 01:19:18 66 42.666666666666664
2020-06-22 01:19:28 72 53.333333333333336


NOT
2020-06-22 01:09:37 26 16
2020-06-22 01:09:47 47 32
2020-06-22 01:09:58 65 32
2020-06-22 01:10:08 71 106.66666666666667

OK
2020-06-22 01:22:17 23 16
2020-06-22 01:22:27 43 26.666666666666668
2020-06-22 01:22:38 63 32
2020-06-22 01:22:48 70 42.666666666666664

OK
2020-06-22 01:27:42 19 16
2020-06-22 01:27:52 41 32
2020-06-22 01:28:03 63 42.666666666666664
2020-06-22 01:28:13 72 53.333333333333336

[(-7027, 6932, 70109557), (3857, 5307, 440038237), (2301, 6674, 438037039), (2618, 7404, 708827749), (2811, 1381, 224134175), (-3641, 7770, 997621919), (-9421, -7626, 996728103), (-4893, -6398, 66620571), (6892, -7507, 210726492), (-7167, -2589, 48986459), (-595, 2839, 7638912), (-3580, 5360, 398795409), (-511, 9954, 56352322), (488, -9989, 82107774), (810, -952, 596875738), (1475, -3166, 525898016), (-2693, -4445, 299810681), (6901, 8492, 713839934), (582, -360, 900077938), (9244, 3329, 631832761), (3193, 8795, 456812442), (2388, -4355, 295088111), (75, 1636, 515493082), (-7727, -3935, 716671451), (-862, -90, 733812802), (-5123, -9890, 657808366), (-1334, -610, 277152681), (5881, -9153, 465050752), (-8098, 8021, 709547549), (9905, 6985, 911485480)]
[(-7027, 6932, 70109557), (3857, 5307, 440038237), (2301, 6674, 438037039), (2618, 7404, 708827749), (2811, 1381, 224134175), (-3641, 7770, 997621919), (-9421, -7626, 996728103), (-4893, -6398, 66620571), (6892, -7507, 210726492), (-7167, -2589, 48986459), (-595, 2839, 7638912), (-3580, 5360, 398795409), (-511, 9954, 56352322), (488, -9989, 82107774), (810, -952, 596875738), (1475, -3166, 525898016), (-2693, -4445, 299810681), (6901, 8492, 713839934), (582, -360, 900077938), (9244, 3329, 631832761), (3193, 8795, 456812442), (2388, -4355, 295088111), (75, 1636, 515493082), (-7727, -3935, 716671451), (-862, -90, 733812802), (-5123, -9890, 657808366), (-1334, -610, 277152681), (5881, -9153, 465050752), (-8098, 8021, 709547549), (9905, 6985, 911485480)]

[(1560, 9980, 710211414), (-2433, 5136, 44213763), (2115, -2454, 119899561), (-9887, 125, 507333102), (-5792, 7280, 598235066), (3990, -8196, 656947406), (-2997, 3269, 353870976), (-3327, -7064, 690572006), (-6777, 3731, 224532012), (4600, -4147, 357832504), (-2193, 2314, 166902358), (9045, -2579, 794818326), (585, -2366, 119086358), (-5088, -4207, 276896877), (5766, 1758, 375694100), (-3268, 2767, 13611310), (1079, -9710, 466626120), (5028, -5101, 71829405), (8651, -358, 587977672), (-384, -5777, 878177858), (9344, 5033, 237228680), (4960, -3076, 778347871), (655, -8034, 166502314), (2186, -9351, 745105621), (6418, 3380, 383889807), (-4979, 8185, 964049005), (8857, 1015, 137879497), (5587, 6046, 368131897), (2880, 7996, 561886944), (-9660, 7077, 597559627)]
[(1560, 9980, 710211414), (-2433, 5136, 44213763), (2115, -2454, 119899561), (-9887, 125, 507333102), (-5792, 7280, 598235066), (3990, -8196, 656947406), (-2997, 3269, 353870976), (-3327, -7064, 690572006), (-6777, 3731, 224532012), (4600, -4147, 357832504), (-2193, 2314, 166902358), (9045, -2579, 794818326), (585, -2366, 119086358), (-5088, -4207, 276896877), (5766, 1758, 375694100), (-3268, 2767, 13611310), (1079, -9710, 466626120), (5028, -5101, 71829405), (8651, -358, 587977672), (-384, -5777, 878177858), (9344, 5033, 237228680), (4960, -3076, 778347871), (655, -8034, 166502314), (2186, -9351, 745105621), (6418, 3380, 383889807), (-4979, 8185, 964049005), (8857, 1015, 137879497), (5587, 6046, 368131897), (2880, 7996, 561886944), (-9660, 7077, 597559627)]


[(-5784, 4242, 475528612), (-7445, -8117, 847707908), (5345, -3322, 53081982), (-9547, 1981, 491735196), (-925, -4122, 893730636), (-122, 1759, 536417856), (6497, -465, 932890129), (9193, 7930, 277364510), (2021, -5166, 209345494), (6752, -5263, 61839592), (-2580, 6295, 804406008), (8098, -4693, 747435679), (-7988, 4892, 804824051), (-8854, -9631, 324150832), (-9088, -7386, 137283939), (3161, 4684, 275333552), (1971, 6509, 296193269), (-9310, 9038, 261085849), (9245, -9898, 959071148), (7350, 4179, 392855097), (-4838, 5287, 24670986), (610, 5836, 50023043), (9453, 3586, 1200548), (-6172, 7805, 264695806), (-75, -98, 177749096), (-1481, -9319, 515114864), (1538, -4513, 459014124), (-427, 3347, 105394153), (9563, 6773, 346529937), (-9007, 5215, 833170048), (-5316, -3153, 701832096), (-7881, 6554, 211851653), (8047, 5316, 653508160), (3615, -969, 408839209), (1678, -5874, 964232482), (-9603, -7771, 612835737), (-2613, -7682, 999683604), (-3867, -206, 73595183), (-4841, -1371, 4259718), (-2310, 3912, 775274868), (7567, 9614, 646354995), (-8238, 8253, 844226086), (4501, -1611, 498009778), (9240, 2000, 694905063), (7650, 4727, 68326721), (6351, 1386, 280839009), (-6909, 3520, 957821259), (-1581, -8095, 885523760), (1090, 5516, 254267011), (4288, -7581, 325047909), (-4262, 7348, 3784554), (-7613, -3920, 724353002), (-384, -2708, 395489622), (-8840, 4115, 303185341), (6212, -1195, 991066480), (1213, 4812, 498566989), (-640, -7705, 182088090), (-4553, 5934, 452918094), (2513, 6315, 355348464), (3426, 1234, 304757776)]